#gen_deg.py 5000 3
# GMT Thu Jun 27 20:51:02 2019
# 
0 1 2 3
1 4 5
2 6 7
3 8 9
4 10 11
5 12 13
6 14 15
7 16 17
8 18 19
9 20 21
10 22 23
11 24 25
12 26 27
13 28 29
14 30 31
15 32 33
16 34 35
17 36 37
18 38 39
19 40 41
20 42 43
21 44 45
22 46 47
23 48 49
24 50 51
25 52 53
26 54 55
27 56 57
28 58 59
29 60 61
30 62 63
31 64 65
32 66 67
33 68 69
34 70 71
35 72 73
36 74 75
37 76 77
38 78 79
39 80 81
40 82 83
41 84 85
42 86 87
43 88 89
44 90 91
45 92 93
46 94 95
47 96 97
48 98 99
49 100 101
50 102 103
51 104 105
52 106 107
53 108 109
54 110 111
55 112 113
56 114 115
57 116 117
58 118 119
59 120 121
60 122 123
61 124 125
62 126 127
63 128 129
64 130 131
65 132 133
66 134 135
67 136 137
68 138 139
69 140 141
70 142 143
71 144 145
72 146 147
73 148 149
74 150 151
75 152 153
76 154 155
77 156 157
78 158 159
79 160 161
80 162 163
81 164 165
82 166 167
83 168 169
84 170 171
85 172 173
86 174 175
87 176 177
88 178 179
89 180 181
90 182 183
91 184 185
92 186 187
93 188 189
94 190 191
95 192 193
96 194 195
97 196 197
98 198 199
99 200 201
100 202 203
101 204 205
102 206 207
103 208 209
104 210 211
105 212 213
106 214 215
107 216 217
108 218 219
109 220 221
110 222 223
111 224 225
112 226 227
113 228 229
114 230 231
115 232 233
116 234 235
117 236 237
118 238 239
119 240 241
120 242 243
121 244 245
122 246 247
123 248 249
124 250 251
125 252 253
126 254 255
127 256 257
128 258 259
129 260 261
130 262 263
131 264 265
132 266 267
133 268 269
134 270 271
135 272 273
136 274 275
137 276 277
138 278 279
139 280 281
140 282 283
141 284 285
142 286 287
143 288 289
144 290 291
145 292 293
146 294 295
147 296 297
148 298 299
149 300 301
150 302 303
151 304 305
152 306 307
153 308 309
154 310 311
155 312 313
156 314 315
157 316 317
158 318 319
159 320 321
160 322 323
161 324 325
162 326 327
163 328 329
164 330 331
165 332 333
166 334 335
167 336 337
168 338 339
169 340 341
170 342 343
171 344 345
172 346 347
173 348 349
174 350 351
175 352 353
176 354 355
177 356 357
178 358 359
179 360 361
180 362 363
181 364 365
182 366 367
183 368 369
184 370 371
185 372 373
186 374 375
187 376 377
188 378 379
189 380 381
190 382 383
191 384 385
192 386 387
193 388 389
194 390 391
195 392 393
196 394 395
197 396 397
198 398 399
199 400 401
200 402 403
201 404 405
202 406 407
203 408 409
204 410 411
205 412 413
206 414 415
207 416 417
208 418 419
209 420 421
210 422 423
211 424 425
212 426 427
213 428 429
214 430 431
215 432 433
216 434 435
217 436 437
218 438 439
219 440 441
220 442 443
221 444 445
222 446 447
223 448 449
224 450 451
225 452 453
226 454 455
227 456 457
228 458 459
229 460 461
230 462 463
231 464 465
232 466 467
233 468 469
234 470 471
235 472 473
236 474 475
237 476 477
238 478 479
239 480 481
240 482 483
241 484 485
242 486 487
243 488 489
244 490 491
245 492 493
246 494 495
247 496 497
248 498 499
249 500 501
250 502 503
251 504 505
252 506 507
253 508 509
254 510 511
255 512 513
256 514 515
257 516 517
258 518 519
259 520 521
260 522 523
261 524 525
262 526 527
263 528 529
264 530 531
265 532 533
266 534 535
267 536 537
268 538 539
269 540 541
270 542 543
271 544 545
272 546 547
273 548 549
274 550 551
275 552 553
276 554 555
277 556 557
278 558 559
279 560 561
280 562 563
281 564 565
282 566 567
283 568 569
284 570 571
285 572 573
286 574 575
287 576 577
288 578 579
289 580 581
290 582 583
291 584 585
292 586 587
293 588 589
294 590 591
295 592 593
296 594 595
297 596 597
298 598 599
299 600 601
300 602 603
301 604 605
302 606 607
303 608 609
304 610 611
305 612 613
306 614 615
307 616 617
308 618 619
309 620 621
310 622 623
311 624 625
312 626 627
313 628 629
314 630 631
315 632 633
316 634 635
317 636 637
318 638 639
319 640 641
320 642 643
321 644 645
322 646 647
323 648 649
324 650 651
325 652 653
326 654 655
327 656 657
328 658 659
329 660 661
330 662 663
331 664 665
332 666 667
333 668 669
334 670 671
335 672 673
336 674 675
337 676 677
338 678 679
339 680 681
340 682 683
341 684 685
342 686 687
343 688 689
344 690 691
345 692 693
346 694 695
347 696 697
348 698 699
349 700 701
350 702 703
351 704 705
352 706 707
353 708 709
354 710 711
355 712 713
356 714 715
357 716 717
358 718 719
359 720 721
360 722 723
361 724 725
362 726 727
363 728 729
364 730 731
365 732 733
366 734 735
367 736 737
368 738 739
369 740 741
370 742 743
371 744 745
372 746 747
373 748 749
374 750 751
375 752 753
376 754 755
377 756 757
378 758 759
379 760 761
380 762 763
381 764 765
382 766 767
383 768 769
384 770 771
385 772 773
386 774 775
387 776 777
388 778 779
389 780 781
390 782 783
391 784 785
392 786 787
393 788 789
394 790 791
395 792 793
396 794 795
397 796 797
398 798 799
399 800 801
400 802 803
401 804 805
402 806 807
403 808 809
404 810 811
405 812 813
406 814 815
407 816 817
408 818 819
409 820 821
410 822 823
411 824 825
412 826 827
413 828 829
414 830 831
415 832 833
416 834 835
417 836 837
418 838 839
419 840 841
420 842 843
421 844 845
422 846 847
423 848 849
424 850 851
425 852 853
426 854 855
427 856 857
428 858 859
429 860 861
430 862 863
431 864 865
432 866 867
433 868 869
434 870 871
435 872 873
436 874 875
437 876 877
438 878 879
439 880 881
440 882 883
441 884 885
442 886 887
443 888 889
444 890 891
445 892 893
446 894 895
447 896 897
448 898 899
449 900 901
450 902 903
451 904 905
452 906 907
453 908 909
454 910 911
455 912 913
456 914 915
457 916 917
458 918 919
459 920 921
460 922 923
461 924 925
462 926 927
463 928 929
464 930 931
465 932 933
466 934 935
467 936 937
468 938 939
469 940 941
470 942 943
471 944 945
472 946 947
473 948 949
474 950 951
475 952 953
476 954 955
477 956 957
478 958 959
479 960 961
480 962 963
481 964 965
482 966 967
483 968 969
484 970 971
485 972 973
486 974 975
487 976 977
488 978 979
489 980 981
490 982 983
491 984 985
492 986 987
493 988 989
494 990 991
495 992 993
496 994 995
497 996 997
498 998 999
499 1000 1001
500 1002 1003
501 1004 1005
502 1006 1007
503 1008 1009
504 1010 1011
505 1012 1013
506 1014 1015
507 1016 1017
508 1018 1019
509 1020 1021
510 1022 1023
511 1024 1025
512 1026 1027
513 1028 1029
514 1030 1031
515 1032 1033
516 1034 1035
517 1036 1037
518 1038 1039
519 1040 1041
520 1042 1043
521 1044 1045
522 1046 1047
523 1048 1049
524 1050 1051
525 1052 1053
526 1054 1055
527 1056 1057
528 1058 1059
529 1060 1061
530 1062 1063
531 1064 1065
532 1066 1067
533 1068 1069
534 1070 1071
535 1072 1073
536 1074 1075
537 1076 1077
538 1078 1079
539 1080 1081
540 1082 1083
541 1084 1085
542 1086 1087
543 1088 1089
544 1090 1091
545 1092 1093
546 1094 1095
547 1096 1097
548 1098 1099
549 1100 1101
550 1102 1103
551 1104 1105
552 1106 1107
553 1108 1109
554 1110 1111
555 1112 1113
556 1114 1115
557 1116 1117
558 1118 1119
559 1120 1121
560 1122 1123
561 1124 1125
562 1126 1127
563 1128 1129
564 1130 1131
565 1132 1133
566 1134 1135
567 1136 1137
568 1138 1139
569 1140 1141
570 1142 1143
571 1144 1145
572 1146 1147
573 1148 1149
574 1150 1151
575 1152 1153
576 1154 1155
577 1156 1157
578 1158 1159
579 1160 1161
580 1162 1163
581 1164 1165
582 1166 1167
583 1168 1169
584 1170 1171
585 1172 1173
586 1174 1175
587 1176 1177
588 1178 1179
589 1180 1181
590 1182 1183
591 1184 1185
592 1186 1187
593 1188 1189
594 1190 1191
595 1192 1193
596 1194 1195
597 1196 1197
598 1198 1199
599 1200 1201
600 1202 1203
601 1204 1205
602 1206 1207
603 1208 1209
604 1210 1211
605 1212 1213
606 1214 1215
607 1216 1217
608 1218 1219
609 1220 1221
610 1222 1223
611 1224 1225
612 1226 1227
613 1228 1229
614 1230 1231
615 1232 1233
616 1234 1235
617 1236 1237
618 1238 1239
619 1240 1241
620 1242 1243
621 1244 1245
622 1246 1247
623 1248 1249
624 1250 1251
625 1252 1253
626 1254 1255
627 1256 1257
628 1258 1259
629 1260 1261
630 1262 1263
631 1264 1265
632 1266 1267
633 1268 1269
634 1270 1271
635 1272 1273
636 1274 1275
637 1276 1277
638 1278 1279
639 1280 1281
640 1282 1283
641 1284 1285
642 1286 1287
643 1288 1289
644 1290 1291
645 1292 1293
646 1294 1295
647 1296 1297
648 1298 1299
649 1300 1301
650 1302 1303
651 1304 1305
652 1306 1307
653 1308 1309
654 1310 1311
655 1312 1313
656 1314 1315
657 1316 1317
658 1318 1319
659 1320 1321
660 1322 1323
661 1324 1325
662 1326 1327
663 1328 1329
664 1330 1331
665 1332 1333
666 1334 1335
667 1336 1337
668 1338 1339
669 1340 1341
670 1342 1343
671 1344 1345
672 1346 1347
673 1348 1349
674 1350 1351
675 1352 1353
676 1354 1355
677 1356 1357
678 1358 1359
679 1360 1361
680 1362 1363
681 1364 1365
682 1366 1367
683 1368 1369
684 1370 1371
685 1372 1373
686 1374 1375
687 1376 1377
688 1378 1379
689 1380 1381
690 1382 1383
691 1384 1385
692 1386 1387
693 1388 1389
694 1390 1391
695 1392 1393
696 1394 1395
697 1396 1397
698 1398 1399
699 1400 1401
700 1402 1403
701 1404 1405
702 1406 1407
703 1408 1409
704 1410 1411
705 1412 1413
706 1414 1415
707 1416 1417
708 1418 1419
709 1420 1421
710 1422 1423
711 1424 1425
712 1426 1427
713 1428 1429
714 1430 1431
715 1432 1433
716 1434 1435
717 1436 1437
718 1438 1439
719 1440 1441
720 1442 1443
721 1444 1445
722 1446 1447
723 1448 1449
724 1450 1451
725 1452 1453
726 1454 1455
727 1456 1457
728 1458 1459
729 1460 1461
730 1462 1463
731 1464 1465
732 1466 1467
733 1468 1469
734 1470 1471
735 1472 1473
736 1474 1475
737 1476 1477
738 1478 1479
739 1480 1481
740 1482 1483
741 1484 1485
742 1486 1487
743 1488 1489
744 1490 1491
745 1492 1493
746 1494 1495
747 1496 1497
748 1498 1499
749 1500 1501
750 1502 1503
751 1504 1505
752 1506 1507
753 1508 1509
754 1510 1511
755 1512 1513
756 1514 1515
757 1516 1517
758 1518 1519
759 1520 1521
760 1522 1523
761 1524 1525
762 1526 1527
763 1528 1529
764 1530 1531
765 1532 1533
766 1534 1535
767 1536 1537
768 1538 1539
769 1540 1541
770 1542 1543
771 1544 1545
772 1546 1547
773 1548 1549
774 1550 1551
775 1552 1553
776 1554 1555
777 1556 1557
778 1558 1559
779 1560 1561
780 1562 1563
781 1564 1565
782 1566 1567
783 1568 1569
784 1570 1571
785 1572 1573
786 1574 1575
787 1576 1577
788 1578 1579
789 1580 1581
790 1582 1583
791 1584 1585
792 1586 1587
793 1588 1589
794 1590 1591
795 1592 1593
796 1594 1595
797 1596 1597
798 1598 1599
799 1600 1601
800 1602 1603
801 1604 1605
802 1606 1607
803 1608 1609
804 1610 1611
805 1612 1613
806 1614 1615
807 1616 1617
808 1618 1619
809 1620 1621
810 1622 1623
811 1624 1625
812 1626 1627
813 1628 1629
814 1630 1631
815 1632 1633
816 1634 1635
817 1636 1637
818 1638 1639
819 1640 1641
820 1642 1643
821 1644 1645
822 1646 1647
823 1648 1649
824 1650 1651
825 1652 1653
826 1654 1655
827 1656 1657
828 1658 1659
829 1660 1661
830 1662 1663
831 1664 1665
832 1666 1667
833 1668 1669
834 1670 1671
835 1672 1673
836 1674 1675
837 1676 1677
838 1678 1679
839 1680 1681
840 1682 1683
841 1684 1685
842 1686 1687
843 1688 1689
844 1690 1691
845 1692 1693
846 1694 1695
847 1696 1697
848 1698 1699
849 1700 1701
850 1702 1703
851 1704 1705
852 1706 1707
853 1708 1709
854 1710 1711
855 1712 1713
856 1714 1715
857 1716 1717
858 1718 1719
859 1720 1721
860 1722 1723
861 1724 1725
862 1726 1727
863 1728 1729
864 1730 1731
865 1732 1733
866 1734 1735
867 1736 1737
868 1738 1739
869 1740 1741
870 1742 1743
871 1744 1745
872 1746 1747
873 1748 1749
874 1750 1751
875 1752 1753
876 1754 1755
877 1756 1757
878 1758 1759
879 1760 1761
880 1762 1763
881 1764 1765
882 1766 1767
883 1768 1769
884 1770 1771
885 1772 1773
886 1774 1775
887 1776 1777
888 1778 1779
889 1780 1781
890 1782 1783
891 1784 1785
892 1786 1787
893 1788 1789
894 1790 1791
895 1792 1793
896 1794 1795
897 1796 1797
898 1798 1799
899 1800 1801
900 1802 1803
901 1804 1805
902 1806 1807
903 1808 1809
904 1810 1811
905 1812 1813
906 1814 1815
907 1816 1817
908 1818 1819
909 1820 1821
910 1822 1823
911 1824 1825
912 1826 1827
913 1828 1829
914 1830 1831
915 1832 1833
916 1834 1835
917 1836 1837
918 1838 1839
919 1840 1841
920 1842 1843
921 1844 1845
922 1846 1847
923 1848 1849
924 1850 1851
925 1852 1853
926 1854 1855
927 1856 1857
928 1858 1859
929 1860 1861
930 1862 1863
931 1864 1865
932 1866 1867
933 1868 1869
934 1870 1871
935 1872 1873
936 1874 1875
937 1876 1877
938 1878 1879
939 1880 1881
940 1882 1883
941 1884 1885
942 1886 1887
943 1888 1889
944 1890 1891
945 1892 1893
946 1894 1895
947 1896 1897
948 1898 1899
949 1900 1901
950 1902 1903
951 1904 1905
952 1906 1907
953 1908 1909
954 1910 1911
955 1912 1913
956 1914 1915
957 1916 1917
958 1918 1919
959 1920 1921
960 1922 1923
961 1924 1925
962 1926 1927
963 1928 1929
964 1930 1931
965 1932 1933
966 1934 1935
967 1936 1937
968 1938 1939
969 1940 1941
970 1942 1943
971 1944 1945
972 1946 1947
973 1948 1949
974 1950 1951
975 1952 1953
976 1954 1955
977 1956 1957
978 1958 1959
979 1960 1961
980 1962 1963
981 1964 1965
982 1966 1967
983 1968 1969
984 1970 1971
985 1972 1973
986 1974 1975
987 1976 1977
988 1978 1979
989 1980 1981
990 1982 1983
991 1984 1985
992 1986 1987
993 1988 1989
994 1990 1991
995 1992 1993
996 1994 1995
997 1996 1997
998 1998 1999
999 2000 2001
1000 2002 2003
1001 2004 2005
1002 2006 2007
1003 2008 2009
1004 2010 2011
1005 2012 2013
1006 2014 2015
1007 2016 2017
1008 2018 2019
1009 2020 2021
1010 2022 2023
1011 2024 2025
1012 2026 2027
1013 2028 2029
1014 2030 2031
1015 2032 2033
1016 2034 2035
1017 2036 2037
1018 2038 2039
1019 2040 2041
1020 2042 2043
1021 2044 2045
1022 2046 2047
1023 2048 2049
1024 2050 2051
1025 2052 2053
1026 2054 2055
1027 2056 2057
1028 2058 2059
1029 2060 2061
1030 2062 2063
1031 2064 2065
1032 2066 2067
1033 2068 2069
1034 2070 2071
1035 2072 2073
1036 2074 2075
1037 2076 2077
1038 2078 2079
1039 2080 2081
1040 2082 2083
1041 2084 2085
1042 2086 2087
1043 2088 2089
1044 2090 2091
1045 2092 2093
1046 2094 2095
1047 2096 2097
1048 2098 2099
1049 2100 2101
1050 2102 2103
1051 2104 2105
1052 2106 2107
1053 2108 2109
1054 2110 2111
1055 2112 2113
1056 2114 2115
1057 2116 2117
1058 2118 2119
1059 2120 2121
1060 2122 2123
1061 2124 2125
1062 2126 2127
1063 2128 2129
1064 2130 2131
1065 2132 2133
1066 2134 2135
1067 2136 2137
1068 2138 2139
1069 2140 2141
1070 2142 2143
1071 2144 2145
1072 2146 2147
1073 2148 2149
1074 2150 2151
1075 2152 2153
1076 2154 2155
1077 2156 2157
1078 2158 2159
1079 2160 2161
1080 2162 2163
1081 2164 2165
1082 2166 2167
1083 2168 2169
1084 2170 2171
1085 2172 2173
1086 2174 2175
1087 2176 2177
1088 2178 2179
1089 2180 2181
1090 2182 2183
1091 2184 2185
1092 2186 2187
1093 2188 2189
1094 2190 2191
1095 2192 2193
1096 2194 2195
1097 2196 2197
1098 2198 2199
1099 2200 2201
1100 2202 2203
1101 2204 2205
1102 2206 2207
1103 2208 2209
1104 2210 2211
1105 2212 2213
1106 2214 2215
1107 2216 2217
1108 2218 2219
1109 2220 2221
1110 2222 2223
1111 2224 2225
1112 2226 2227
1113 2228 2229
1114 2230 2231
1115 2232 2233
1116 2234 2235
1117 2236 2237
1118 2238 2239
1119 2240 2241
1120 2242 2243
1121 2244 2245
1122 2246 2247
1123 2248 2249
1124 2250 2251
1125 2252 2253
1126 2254 2255
1127 2256 2257
1128 2258 2259
1129 2260 2261
1130 2262 2263
1131 2264 2265
1132 2266 2267
1133 2268 2269
1134 2270 2271
1135 2272 2273
1136 2274 2275
1137 2276 2277
1138 2278 2279
1139 2280 2281
1140 2282 2283
1141 2284 2285
1142 2286 2287
1143 2288 2289
1144 2290 2291
1145 2292 2293
1146 2294 2295
1147 2296 2297
1148 2298 2299
1149 2300 2301
1150 2302 2303
1151 2304 2305
1152 2306 2307
1153 2308 2309
1154 2310 2311
1155 2312 2313
1156 2314 2315
1157 2316 2317
1158 2318 2319
1159 2320 2321
1160 2322 2323
1161 2324 2325
1162 2326 2327
1163 2328 2329
1164 2330 2331
1165 2332 2333
1166 2334 2335
1167 2336 2337
1168 2338 2339
1169 2340 2341
1170 2342 2343
1171 2344 2345
1172 2346 2347
1173 2348 2349
1174 2350 2351
1175 2352 2353
1176 2354 2355
1177 2356 2357
1178 2358 2359
1179 2360 2361
1180 2362 2363
1181 2364 2365
1182 2366 2367
1183 2368 2369
1184 2370 2371
1185 2372 2373
1186 2374 2375
1187 2376 2377
1188 2378 2379
1189 2380 2381
1190 2382 2383
1191 2384 2385
1192 2386 2387
1193 2388 2389
1194 2390 2391
1195 2392 2393
1196 2394 2395
1197 2396 2397
1198 2398 2399
1199 2400 2401
1200 2402 2403
1201 2404 2405
1202 2406 2407
1203 2408 2409
1204 2410 2411
1205 2412 2413
1206 2414 2415
1207 2416 2417
1208 2418 2419
1209 2420 2421
1210 2422 2423
1211 2424 2425
1212 2426 2427
1213 2428 2429
1214 2430 2431
1215 2432 2433
1216 2434 2435
1217 2436 2437
1218 2438 2439
1219 2440 2441
1220 2442 2443
1221 2444 2445
1222 2446 2447
1223 2448 2449
1224 2450 2451
1225 2452 2453
1226 2454 2455
1227 2456 2457
1228 2458 2459
1229 2460 2461
1230 2462 2463
1231 2464 2465
1232 2466 2467
1233 2468 2469
1234 2470 2471
1235 2472 2473
1236 2474 2475
1237 2476 2477
1238 2478 2479
1239 2480 2481
1240 2482 2483
1241 2484 2485
1242 2486 2487
1243 2488 2489
1244 2490 2491
1245 2492 2493
1246 2494 2495
1247 2496 2497
1248 2498 2499
1249 2500 2501
1250 2502 2503
1251 2504 2505
1252 2506 2507
1253 2508 2509
1254 2510 2511
1255 2512 2513
1256 2514 2515
1257 2516 2517
1258 2518 2519
1259 2520 2521
1260 2522 2523
1261 2524 2525
1262 2526 2527
1263 2528 2529
1264 2530 2531
1265 2532 2533
1266 2534 2535
1267 2536 2537
1268 2538 2539
1269 2540 2541
1270 2542 2543
1271 2544 2545
1272 2546 2547
1273 2548 2549
1274 2550 2551
1275 2552 2553
1276 2554 2555
1277 2556 2557
1278 2558 2559
1279 2560 2561
1280 2562 2563
1281 2564 2565
1282 2566 2567
1283 2568 2569
1284 2570 2571
1285 2572 2573
1286 2574 2575
1287 2576 2577
1288 2578 2579
1289 2580 2581
1290 2582 2583
1291 2584 2585
1292 2586 2587
1293 2588 2589
1294 2590 2591
1295 2592 2593
1296 2594 2595
1297 2596 2597
1298 2598 2599
1299 2600 2601
1300 2602 2603
1301 2604 2605
1302 2606 2607
1303 2608 2609
1304 2610 2611
1305 2612 2613
1306 2614 2615
1307 2616 2617
1308 2618 2619
1309 2620 2621
1310 2622 2623
1311 2624 2625
1312 2626 2627
1313 2628 2629
1314 2630 2631
1315 2632 2633
1316 2634 2635
1317 2636 2637
1318 2638 2639
1319 2640 2641
1320 2642 2643
1321 2644 2645
1322 2646 2647
1323 2648 2649
1324 2650 2651
1325 2652 2653
1326 2654 2655
1327 2656 2657
1328 2658 2659
1329 2660 2661
1330 2662 2663
1331 2664 2665
1332 2666 2667
1333 2668 2669
1334 2670 2671
1335 2672 2673
1336 2674 2675
1337 2676 2677
1338 2678 2679
1339 2680 2681
1340 2682 2683
1341 2684 2685
1342 2686 2687
1343 2688 2689
1344 2690 2691
1345 2692 2693
1346 2694 2695
1347 2696 2697
1348 2698 2699
1349 2700 2701
1350 2702 2703
1351 2704 2705
1352 2706 2707
1353 2708 2709
1354 2710 2711
1355 2712 2713
1356 2714 2715
1357 2716 2717
1358 2718 2719
1359 2720 2721
1360 2722 2723
1361 2724 2725
1362 2726 2727
1363 2728 2729
1364 2730 2731
1365 2732 2733
1366 2734 2735
1367 2736 2737
1368 2738 2739
1369 2740 2741
1370 2742 2743
1371 2744 2745
1372 2746 2747
1373 2748 2749
1374 2750 2751
1375 2752 2753
1376 2754 2755
1377 2756 2757
1378 2758 2759
1379 2760 2761
1380 2762 2763
1381 2764 2765
1382 2766 2767
1383 2768 2769
1384 2770 2771
1385 2772 2773
1386 2774 2775
1387 2776 2777
1388 2778 2779
1389 2780 2781
1390 2782 2783
1391 2784 2785
1392 2786 2787
1393 2788 2789
1394 2790 2791
1395 2792 2793
1396 2794 2795
1397 2796 2797
1398 2798 2799
1399 2800 2801
1400 2802 2803
1401 2804 2805
1402 2806 2807
1403 2808 2809
1404 2810 2811
1405 2812 2813
1406 2814 2815
1407 2816 2817
1408 2818 2819
1409 2820 2821
1410 2822 2823
1411 2824 2825
1412 2826 2827
1413 2828 2829
1414 2830 2831
1415 2832 2833
1416 2834 2835
1417 2836 2837
1418 2838 2839
1419 2840 2841
1420 2842 2843
1421 2844 2845
1422 2846 2847
1423 2848 2849
1424 2850 2851
1425 2852 2853
1426 2854 2855
1427 2856 2857
1428 2858 2859
1429 2860 2861
1430 2862 2863
1431 2864 2865
1432 2866 2867
1433 2868 2869
1434 2870 2871
1435 2872 2873
1436 2874 2875
1437 2876 2877
1438 2878 2879
1439 2880 2881
1440 2882 2883
1441 2884 2885
1442 2886 2887
1443 2888 2889
1444 2890 2891
1445 2892 2893
1446 2894 2895
1447 2896 2897
1448 2898 2899
1449 2900 2901
1450 2902 2903
1451 2904 2905
1452 2906 2907
1453 2908 2909
1454 2910 2911
1455 2912 2913
1456 2914 2915
1457 2916 2917
1458 2918 2919
1459 2920 2921
1460 2922 2923
1461 2924 2925
1462 2926 2927
1463 2928 2929
1464 2930 2931
1465 2932 2933
1466 2934 2935
1467 2936 2937
1468 2938 2939
1469 2940 2941
1470 2942 2943
1471 2944 2945
1472 2946 2947
1473 2948 2949
1474 2950 2951
1475 2952 2953
1476 2954 2955
1477 2956 2957
1478 2958 2959
1479 2960 2961
1480 2962 2963
1481 2964 2965
1482 2966 2967
1483 2968 2969
1484 2970 2971
1485 2972 2973
1486 2974 2975
1487 2976 2977
1488 2978 2979
1489 2980 2981
1490 2982 2983
1491 2984 2985
1492 2986 2987
1493 2988 2989
1494 2990 2991
1495 2992 2993
1496 2994 2995
1497 2996 2997
1498 2998 2999
1499 3000 3001
1500 3002 3003
1501 3004 3005
1502 3006 3007
1503 3008 3009
1504 3010 3011
1505 3012 3013
1506 3014 3015
1507 3016 3017
1508 3018 3019
1509 3020 3021
1510 3022 3023
1511 3024 3025
1512 3026 3027
1513 3028 3029
1514 3030 3031
1515 3032 3033
1516 3034 3035
1517 3036 3037
1518 3038 3039
1519 3040 3041
1520 3042 3043
1521 3044 3045
1522 3046 3047
1523 3048 3049
1524 3050 3051
1525 3052 3053
1526 3054 3055
1527 3056 3057
1528 3058 3059
1529 3060 3061
1530 3062 3063
1531 3064 3065
1532 3066 3067
1533 3068 3069
1534 3070 3071
1535 3072 3073
1536 3074 3075
1537 3076 3077
1538 3078 3079
1539 3080 3081
1540 3082 3083
1541 3084 3085
1542 3086 3087
1543 3088 3089
1544 3090 3091
1545 3092 3093
1546 3094 3095
1547 3096 3097
1548 3098 3099
1549 3100 3101
1550 3102 3103
1551 3104 3105
1552 3106 3107
1553 3108 3109
1554 3110 3111
1555 3112 3113
1556 3114 3115
1557 3116 3117
1558 3118 3119
1559 3120 3121
1560 3122 3123
1561 3124 3125
1562 3126 3127
1563 3128 3129
1564 3130 3131
1565 3132 3133
1566 3134 3135
1567 3136 3137
1568 3138 3139
1569 3140 3141
1570 3142 3143
1571 3144 3145
1572 3146 3147
1573 3148 3149
1574 3150 3151
1575 3152 3153
1576 3154 3155
1577 3156 3157
1578 3158 3159
1579 3160 3161
1580 3162 3163
1581 3164 3165
1582 3166 3167
1583 3168 3169
1584 3170 3171
1585 3172 3173
1586 3174 3175
1587 3176 3177
1588 3178 3179
1589 3180 3181
1590 3182 3183
1591 3184 3185
1592 3186 3187
1593 3188 3189
1594 3190 3191
1595 3192 3193
1596 3194 3195
1597 3196 3197
1598 3198 3199
1599 3200 3201
1600 3202 3203
1601 3204 3205
1602 3206 3207
1603 3208 3209
1604 3210 3211
1605 3212 3213
1606 3214 3215
1607 3216 3217
1608 3218 3219
1609 3220 3221
1610 3222 3223
1611 3224 3225
1612 3226 3227
1613 3228 3229
1614 3230 3231
1615 3232 3233
1616 3234 3235
1617 3236 3237
1618 3238 3239
1619 3240 3241
1620 3242 3243
1621 3244 3245
1622 3246 3247
1623 3248 3249
1624 3250 3251
1625 3252 3253
1626 3254 3255
1627 3256 3257
1628 3258 3259
1629 3260 3261
1630 3262 3263
1631 3264 3265
1632 3266 3267
1633 3268 3269
1634 3270 3271
1635 3272 3273
1636 3274 3275
1637 3276 3277
1638 3278 3279
1639 3280 3281
1640 3282 3283
1641 3284 3285
1642 3286 3287
1643 3288 3289
1644 3290 3291
1645 3292 3293
1646 3294 3295
1647 3296 3297
1648 3298 3299
1649 3300 3301
1650 3302 3303
1651 3304 3305
1652 3306 3307
1653 3308 3309
1654 3310 3311
1655 3312 3313
1656 3314 3315
1657 3316 3317
1658 3318 3319
1659 3320 3321
1660 3322 3323
1661 3324 3325
1662 3326 3327
1663 3328 3329
1664 3330 3331
1665 3332 3333
1666 3334 3335
1667 3336 3337
1668 3338 3339
1669 3340 3341
1670 3342 3343
1671 3344 3345
1672 3346 3347
1673 3348 3349
1674 3350 3351
1675 3352 3353
1676 3354 3355
1677 3356 3357
1678 3358 3359
1679 3360 3361
1680 3362 3363
1681 3364 3365
1682 3366 3367
1683 3368 3369
1684 3370 3371
1685 3372 3373
1686 3374 3375
1687 3376 3377
1688 3378 3379
1689 3380 3381
1690 3382 3383
1691 3384 3385
1692 3386 3387
1693 3388 3389
1694 3390 3391
1695 3392 3393
1696 3394 3395
1697 3396 3397
1698 3398 3399
1699 3400 3401
1700 3402 3403
1701 3404 3405
1702 3406 3407
1703 3408 3409
1704 3410 3411
1705 3412 3413
1706 3414 3415
1707 3416 3417
1708 3418 3419
1709 3420 3421
1710 3422 3423
1711 3424 3425
1712 3426 3427
1713 3428 3429
1714 3430 3431
1715 3432 3433
1716 3434 3435
1717 3436 3437
1718 3438 3439
1719 3440 3441
1720 3442 3443
1721 3444 3445
1722 3446 3447
1723 3448 3449
1724 3450 3451
1725 3452 3453
1726 3454 3455
1727 3456 3457
1728 3458 3459
1729 3460 3461
1730 3462 3463
1731 3464 3465
1732 3466 3467
1733 3468 3469
1734 3470 3471
1735 3472 3473
1736 3474 3475
1737 3476 3477
1738 3478 3479
1739 3480 3481
1740 3482 3483
1741 3484 3485
1742 3486 3487
1743 3488 3489
1744 3490 3491
1745 3492 3493
1746 3494 3495
1747 3496 3497
1748 3498 3499
1749 3500 3501
1750 3502 3503
1751 3504 3505
1752 3506 3507
1753 3508 3509
1754 3510 3511
1755 3512 3513
1756 3514 3515
1757 3516 3517
1758 3518 3519
1759 3520 3521
1760 3522 3523
1761 3524 3525
1762 3526 3527
1763 3528 3529
1764 3530 3531
1765 3532 3533
1766 3534 3535
1767 3536 3537
1768 3538 3539
1769 3540 3541
1770 3542 3543
1771 3544 3545
1772 3546 3547
1773 3548 3549
1774 3550 3551
1775 3552 3553
1776 3554 3555
1777 3556 3557
1778 3558 3559
1779 3560 3561
1780 3562 3563
1781 3564 3565
1782 3566 3567
1783 3568 3569
1784 3570 3571
1785 3572 3573
1786 3574 3575
1787 3576 3577
1788 3578 3579
1789 3580 3581
1790 3582 3583
1791 3584 3585
1792 3586 3587
1793 3588 3589
1794 3590 3591
1795 3592 3593
1796 3594 3595
1797 3596 3597
1798 3598 3599
1799 3600 3601
1800 3602 3603
1801 3604 3605
1802 3606 3607
1803 3608 3609
1804 3610 3611
1805 3612 3613
1806 3614 3615
1807 3616 3617
1808 3618 3619
1809 3620 3621
1810 3622 3623
1811 3624 3625
1812 3626 3627
1813 3628 3629
1814 3630 3631
1815 3632 3633
1816 3634 3635
1817 3636 3637
1818 3638 3639
1819 3640 3641
1820 3642 3643
1821 3644 3645
1822 3646 3647
1823 3648 3649
1824 3650 3651
1825 3652 3653
1826 3654 3655
1827 3656 3657
1828 3658 3659
1829 3660 3661
1830 3662 3663
1831 3664 3665
1832 3666 3667
1833 3668 3669
1834 3670 3671
1835 3672 3673
1836 3674 3675
1837 3676 3677
1838 3678 3679
1839 3680 3681
1840 3682 3683
1841 3684 3685
1842 3686 3687
1843 3688 3689
1844 3690 3691
1845 3692 3693
1846 3694 3695
1847 3696 3697
1848 3698 3699
1849 3700 3701
1850 3702 3703
1851 3704 3705
1852 3706 3707
1853 3708 3709
1854 3710 3711
1855 3712 3713
1856 3714 3715
1857 3716 3717
1858 3718 3719
1859 3720 3721
1860 3722 3723
1861 3724 3725
1862 3726 3727
1863 3728 3729
1864 3730 3731
1865 3732 3733
1866 3734 3735
1867 3736 3737
1868 3738 3739
1869 3740 3741
1870 3742 3743
1871 3744 3745
1872 3746 3747
1873 3748 3749
1874 3750 3751
1875 3752 3753
1876 3754 3755
1877 3756 3757
1878 3758 3759
1879 3760 3761
1880 3762 3763
1881 3764 3765
1882 3766 3767
1883 3768 3769
1884 3770 3771
1885 3772 3773
1886 3774 3775
1887 3776 3777
1888 3778 3779
1889 3780 3781
1890 3782 3783
1891 3784 3785
1892 3786 3787
1893 3788 3789
1894 3790 3791
1895 3792 3793
1896 3794 3795
1897 3796 3797
1898 3798 3799
1899 3800 3801
1900 3802 3803
1901 3804 3805
1902 3806 3807
1903 3808 3809
1904 3810 3811
1905 3812 3813
1906 3814 3815
1907 3816 3817
1908 3818 3819
1909 3820 3821
1910 3822 3823
1911 3824 3825
1912 3826 3827
1913 3828 3829
1914 3830 3831
1915 3832 3833
1916 3834 3835
1917 3836 3837
1918 3838 3839
1919 3840 3841
1920 3842 3843
1921 3844 3845
1922 3846 3847
1923 3848 3849
1924 3850 3851
1925 3852 3853
1926 3854 3855
1927 3856 3857
1928 3858 3859
1929 3860 3861
1930 3862 3863
1931 3864 3865
1932 3866 3867
1933 3868 3869
1934 3870 3871
1935 3872 3873
1936 3874 3875
1937 3876 3877
1938 3878 3879
1939 3880 3881
1940 3882 3883
1941 3884 3885
1942 3886 3887
1943 3888 3889
1944 3890 3891
1945 3892 3893
1946 3894 3895
1947 3896 3897
1948 3898 3899
1949 3900 3901
1950 3902 3903
1951 3904 3905
1952 3906 3907
1953 3908 3909
1954 3910 3911
1955 3912 3913
1956 3914 3915
1957 3916 3917
1958 3918 3919
1959 3920 3921
1960 3922 3923
1961 3924 3925
1962 3926 3927
1963 3928 3929
1964 3930 3931
1965 3932 3933
1966 3934 3935
1967 3936 3937
1968 3938 3939
1969 3940 3941
1970 3942 3943
1971 3944 3945
1972 3946 3947
1973 3948 3949
1974 3950 3951
1975 3952 3953
1976 3954 3955
1977 3956 3957
1978 3958 3959
1979 3960 3961
1980 3962 3963
1981 3964 3965
1982 3966 3967
1983 3968 3969
1984 3970 3971
1985 3972 3973
1986 3974 3975
1987 3976 3977
1988 3978 3979
1989 3980 3981
1990 3982 3983
1991 3984 3985
1992 3986 3987
1993 3988 3989
1994 3990 3991
1995 3992 3993
1996 3994 3995
1997 3996 3997
1998 3998 3999
1999 4000 4001
2000 4002 4003
2001 4004 4005
2002 4006 4007
2003 4008 4009
2004 4010 4011
2005 4012 4013
2006 4014 4015
2007 4016 4017
2008 4018 4019
2009 4020 4021
2010 4022 4023
2011 4024 4025
2012 4026 4027
2013 4028 4029
2014 4030 4031
2015 4032 4033
2016 4034 4035
2017 4036 4037
2018 4038 4039
2019 4040 4041
2020 4042 4043
2021 4044 4045
2022 4046 4047
2023 4048 4049
2024 4050 4051
2025 4052 4053
2026 4054 4055
2027 4056 4057
2028 4058 4059
2029 4060 4061
2030 4062 4063
2031 4064 4065
2032 4066 4067
2033 4068 4069
2034 4070 4071
2035 4072 4073
2036 4074 4075
2037 4076 4077
2038 4078 4079
2039 4080 4081
2040 4082 4083
2041 4084 4085
2042 4086 4087
2043 4088 4089
2044 4090 4091
2045 4092 4093
2046 4094 4095
2047 4096 4097
2048 4098 4099
2049 4100 4101
2050 4102 4103
2051 4104 4105
2052 4106 4107
2053 4108 4109
2054 4110 4111
2055 4112 4113
2056 4114 4115
2057 4116 4117
2058 4118 4119
2059 4120 4121
2060 4122 4123
2061 4124 4125
2062 4126 4127
2063 4128 4129
2064 4130 4131
2065 4132 4133
2066 4134 4135
2067 4136 4137
2068 4138 4139
2069 4140 4141
2070 4142 4143
2071 4144 4145
2072 4146 4147
2073 4148 4149
2074 4150 4151
2075 4152 4153
2076 4154 4155
2077 4156 4157
2078 4158 4159
2079 4160 4161
2080 4162 4163
2081 4164 4165
2082 4166 4167
2083 4168 4169
2084 4170 4171
2085 4172 4173
2086 4174 4175
2087 4176 4177
2088 4178 4179
2089 4180 4181
2090 4182 4183
2091 4184 4185
2092 4186 4187
2093 4188 4189
2094 4190 4191
2095 4192 4193
2096 4194 4195
2097 4196 4197
2098 4198 4199
2099 4200 4201
2100 4202 4203
2101 4204 4205
2102 4206 4207
2103 4208 4209
2104 4210 4211
2105 4212 4213
2106 4214 4215
2107 4216 4217
2108 4218 4219
2109 4220 4221
2110 4222 4223
2111 4224 4225
2112 4226 4227
2113 4228 4229
2114 4230 4231
2115 4232 4233
2116 4234 4235
2117 4236 4237
2118 4238 4239
2119 4240 4241
2120 4242 4243
2121 4244 4245
2122 4246 4247
2123 4248 4249
2124 4250 4251
2125 4252 4253
2126 4254 4255
2127 4256 4257
2128 4258 4259
2129 4260 4261
2130 4262 4263
2131 4264 4265
2132 4266 4267
2133 4268 4269
2134 4270 4271
2135 4272 4273
2136 4274 4275
2137 4276 4277
2138 4278 4279
2139 4280 4281
2140 4282 4283
2141 4284 4285
2142 4286 4287
2143 4288 4289
2144 4290 4291
2145 4292 4293
2146 4294 4295
2147 4296 4297
2148 4298 4299
2149 4300 4301
2150 4302 4303
2151 4304 4305
2152 4306 4307
2153 4308 4309
2154 4310 4311
2155 4312 4313
2156 4314 4315
2157 4316 4317
2158 4318 4319
2159 4320 4321
2160 4322 4323
2161 4324 4325
2162 4326 4327
2163 4328 4329
2164 4330 4331
2165 4332 4333
2166 4334 4335
2167 4336 4337
2168 4338 4339
2169 4340 4341
2170 4342 4343
2171 4344 4345
2172 4346 4347
2173 4348 4349
2174 4350 4351
2175 4352 4353
2176 4354 4355
2177 4356 4357
2178 4358 4359
2179 4360 4361
2180 4362 4363
2181 4364 4365
2182 4366 4367
2183 4368 4369
2184 4370 4371
2185 4372 4373
2186 4374 4375
2187 4376 4377
2188 4378 4379
2189 4380 4381
2190 4382 4383
2191 4384 4385
2192 4386 4387
2193 4388 4389
2194 4390 4391
2195 4392 4393
2196 4394 4395
2197 4396 4397
2198 4398 4399
2199 4400 4401
2200 4402 4403
2201 4404 4405
2202 4406 4407
2203 4408 4409
2204 4410 4411
2205 4412 4413
2206 4414 4415
2207 4416 4417
2208 4418 4419
2209 4420 4421
2210 4422 4423
2211 4424 4425
2212 4426 4427
2213 4428 4429
2214 4430 4431
2215 4432 4433
2216 4434 4435
2217 4436 4437
2218 4438 4439
2219 4440 4441
2220 4442 4443
2221 4444 4445
2222 4446 4447
2223 4448 4449
2224 4450 4451
2225 4452 4453
2226 4454 4455
2227 4456 4457
2228 4458 4459
2229 4460 4461
2230 4462 4463
2231 4464 4465
2232 4466 4467
2233 4468 4469
2234 4470 4471
2235 4472 4473
2236 4474 4475
2237 4476 4477
2238 4478 4479
2239 4480 4481
2240 4482 4483
2241 4484 4485
2242 4486 4487
2243 4488 4489
2244 4490 4491
2245 4492 4493
2246 4494 4495
2247 4496 4497
2248 4498 4499
2249 4500 4501
2250 4502 4503
2251 4504 4505
2252 4506 4507
2253 4508 4509
2254 4510 4511
2255 4512 4513
2256 4514 4515
2257 4516 4517
2258 4518 4519
2259 4520 4521
2260 4522 4523
2261 4524 4525
2262 4526 4527
2263 4528 4529
2264 4530 4531
2265 4532 4533
2266 4534 4535
2267 4536 4537
2268 4538 4539
2269 4540 4541
2270 4542 4543
2271 4544 4545
2272 4546 4547
2273 4548 4549
2274 4550 4551
2275 4552 4553
2276 4554 4555
2277 4556 4557
2278 4558 4559
2279 4560 4561
2280 4562 4563
2281 4564 4565
2282 4566 4567
2283 4568 4569
2284 4570 4571
2285 4572 4573
2286 4574 4575
2287 4576 4577
2288 4578 4579
2289 4580 4581
2290 4582 4583
2291 4584 4585
2292 4586 4587
2293 4588 4589
2294 4590 4591
2295 4592 4593
2296 4594 4595
2297 4596 4597
2298 4598 4599
2299 4600 4601
2300 4602 4603
2301 4604 4605
2302 4606 4607
2303 4608 4609
2304 4610 4611
2305 4612 4613
2306 4614 4615
2307 4616 4617
2308 4618 4619
2309 4620 4621
2310 4622 4623
2311 4624 4625
2312 4626 4627
2313 4628 4629
2314 4630 4631
2315 4632 4633
2316 4634 4635
2317 4636 4637
2318 4638 4639
2319 4640 4641
2320 4642 4643
2321 4644 4645
2322 4646 4647
2323 4648 4649
2324 4650 4651
2325 4652 4653
2326 4654 4655
2327 4656 4657
2328 4658 4659
2329 4660 4661
2330 4662 4663
2331 4664 4665
2332 4666 4667
2333 4668 4669
2334 4670 4671
2335 4672 4673
2336 4674 4675
2337 4676 4677
2338 4678 4679
2339 4680 4681
2340 4682 4683
2341 4684 4685
2342 4686 4687
2343 4688 4689
2344 4690 4691
2345 4692 4693
2346 4694 4695
2347 4696 4697
2348 4698 4699
2349 4700 4701
2350 4702 4703
2351 4704 4705
2352 4706 4707
2353 4708 4709
2354 4710 4711
2355 4712 4713
2356 4714 4715
2357 4716 4717
2358 4718 4719
2359 4720 4721
2360 4722 4723
2361 4724 4725
2362 4726 4727
2363 4728 4729
2364 4730 4731
2365 4732 4733
2366 4734 4735
2367 4736 4737
2368 4738 4739
2369 4740 4741
2370 4742 4743
2371 4744 4745
2372 4746 4747
2373 4748 4749
2374 4750 4751
2375 4752 4753
2376 4754 4755
2377 4756 4757
2378 4758 4759
2379 4760 4761
2380 4762 4763
2381 4764 4765
2382 4766 4767
2383 4768 4769
2384 4770 4771
2385 4772 4773
2386 4774 4775
2387 4776 4777
2388 4778 4779
2389 4780 4781
2390 4782 4783
2391 4784 4785
2392 4786 4787
2393 4788 4789
2394 4790 4791
2395 4792 4793
2396 4794 4795
2397 4796 4797
2398 4798 4799
2399 4800 4801
2400 4802 4803
2401 4804 4805
2402 4806 4807
2403 4808 4809
2404 4810 4811
2405 4812 4813
2406 4814 4815
2407 4816 4817
2408 4818 4819
2409 4820 4821
2410 4822 4823
2411 4824 4825
2412 4826 4827
2413 4828 4829
2414 4830 4831
2415 4832 4833
2416 4834 4835
2417 4836 4837
2418 4838 4839
2419 4840 4841
2420 4842 4843
2421 4844 4845
2422 4846 4847
2423 4848 4849
2424 4850 4851
2425 4852 4853
2426 4854 4855
2427 4856 4857
2428 4858 4859
2429 4860 4861
2430 4862 4863
2431 4864 4865
2432 4866 4867
2433 4868 4869
2434 4870 4871
2435 4872 4873
2436 4874 4875
2437 4876 4877
2438 4878 4879
2439 4880 4881
2440 4882 4883
2441 4884 4885
2442 4886 4887
2443 4888 4889
2444 4890 4891
2445 4892 4893
2446 4894 4895
2447 4896 4897
2448 4898 4899
2449 4900 4901
2450 4902 4903
2451 4904 4905
2452 4906 4907
2453 4908 4909
2454 4910 4911
2455 4912 4913
2456 4914 4915
2457 4916 4917
2458 4918 4919
2459 4920 4921
2460 4922 4923
2461 4924 4925
2462 4926 4927
2463 4928 4929
2464 4930 4931
2465 4932 4933
2466 4934 4935
2467 4936 4937
2468 4938 4939
2469 4940 4941
2470 4942 4943
2471 4944 4945
2472 4946 4947
2473 4948 4949
2474 4950 4951
2475 4952 4953
2476 4954 4955
2477 4956 4957
2478 4958 4959
2479 4960 4961
2480 4962 4963
2481 4964 4965
2482 4966 4967
2483 4968 4969
2484 4970 4971
2485 4972 4973
2486 4974 4975
2487 4976 4977
2488 4978 4979
2489 4980 4981
2490 4982 4983
2491 4984 4985
2492 4986 4987
2493 4988 4989
2494 4990 4991
2495 4992 4993
2496 4994 4995
2497 4996 4997
2498 4998 4999
2499
2500
2501
2502
2503
2504
2505
2506
2507
2508
2509
2510
2511
2512
2513
2514
2515
2516
2517
2518
2519
2520
2521
2522
2523
2524
2525
2526
2527
2528
2529
2530
2531
2532
2533
2534
2535
2536
2537
2538
2539
2540
2541
2542
2543
2544
2545
2546
2547
2548
2549
2550
2551
2552
2553
2554
2555
2556
2557
2558
2559
2560
2561
2562
2563
2564
2565
2566
2567
2568
2569
2570
2571
2572
2573
2574
2575
2576
2577
2578
2579
2580
2581
2582
2583
2584
2585
2586
2587
2588
2589
2590
2591
2592
2593
2594
2595
2596
2597
2598
2599
2600
2601
2602
2603
2604
2605
2606
2607
2608
2609
2610
2611
2612
2613
2614
2615
2616
2617
2618
2619
2620
2621
2622
2623
2624
2625
2626
2627
2628
2629
2630
2631
2632
2633
2634
2635
2636
2637
2638
2639
2640
2641
2642
2643
2644
2645
2646
2647
2648
2649
2650
2651
2652
2653
2654
2655
2656
2657
2658
2659
2660
2661
2662
2663
2664
2665
2666
2667
2668
2669
2670
2671
2672
2673
2674
2675
2676
2677
2678
2679
2680
2681
2682
2683
2684
2685
2686
2687
2688
2689
2690
2691
2692
2693
2694
2695
2696
2697
2698
2699
2700
2701
2702
2703
2704
2705
2706
2707
2708
2709
2710
2711
2712
2713
2714
2715
2716
2717
2718
2719
2720
2721
2722
2723
2724
2725
2726
2727
2728
2729
2730
2731
2732
2733
2734
2735
2736
2737
2738
2739
2740
2741
2742
2743
2744
2745
2746
2747
2748
2749
2750
2751
2752
2753
2754
2755
2756
2757
2758
2759
2760
2761
2762
2763
2764
2765
2766
2767
2768
2769
2770
2771
2772
2773
2774
2775
2776
2777
2778
2779
2780
2781
2782
2783
2784
2785
2786
2787
2788
2789
2790
2791
2792
2793
2794
2795
2796
2797
2798
2799
2800
2801
2802
2803
2804
2805
2806
2807
2808
2809
2810
2811
2812
2813
2814
2815
2816
2817
2818
2819
2820
2821
2822
2823
2824
2825
2826
2827
2828
2829
2830
2831
2832
2833
2834
2835
2836
2837
2838
2839
2840
2841
2842
2843
2844
2845
2846
2847
2848
2849
2850
2851
2852
2853
2854
2855
2856
2857
2858
2859
2860
2861
2862
2863
2864
2865
2866
2867
2868
2869
2870
2871
2872
2873
2874
2875
2876
2877
2878
2879
2880
2881
2882
2883
2884
2885
2886
2887
2888
2889
2890
2891
2892
2893
2894
2895
2896
2897
2898
2899
2900
2901
2902
2903
2904
2905
2906
2907
2908
2909
2910
2911
2912
2913
2914
2915
2916
2917
2918
2919
2920
2921
2922
2923
2924
2925
2926
2927
2928
2929
2930
2931
2932
2933
2934
2935
2936
2937
2938
2939
2940
2941
2942
2943
2944
2945
2946
2947
2948
2949
2950
2951
2952
2953
2954
2955
2956
2957
2958
2959
2960
2961
2962
2963
2964
2965
2966
2967
2968
2969
2970
2971
2972
2973
2974
2975
2976
2977
2978
2979
2980
2981
2982
2983
2984
2985
2986
2987
2988
2989
2990
2991
2992
2993
2994
2995
2996
2997
2998
2999
3000
3001
3002
3003
3004
3005
3006
3007
3008
3009
3010
3011
3012
3013
3014
3015
3016
3017
3018
3019
3020
3021
3022
3023
3024
3025
3026
3027
3028
3029
3030
3031
3032
3033
3034
3035
3036
3037
3038
3039
3040
3041
3042
3043
3044
3045
3046
3047
3048
3049
3050
3051
3052
3053
3054
3055
3056
3057
3058
3059
3060
3061
3062
3063
3064
3065
3066
3067
3068
3069
3070
3071
3072
3073
3074
3075
3076
3077
3078
3079
3080
3081
3082
3083
3084
3085
3086
3087
3088
3089
3090
3091
3092
3093
3094
3095
3096
3097
3098
3099
3100
3101
3102
3103
3104
3105
3106
3107
3108
3109
3110
3111
3112
3113
3114
3115
3116
3117
3118
3119
3120
3121
3122
3123
3124
3125
3126
3127
3128
3129
3130
3131
3132
3133
3134
3135
3136
3137
3138
3139
3140
3141
3142
3143
3144
3145
3146
3147
3148
3149
3150
3151
3152
3153
3154
3155
3156
3157
3158
3159
3160
3161
3162
3163
3164
3165
3166
3167
3168
3169
3170
3171
3172
3173
3174
3175
3176
3177
3178
3179
3180
3181
3182
3183
3184
3185
3186
3187
3188
3189
3190
3191
3192
3193
3194
3195
3196
3197
3198
3199
3200
3201
3202
3203
3204
3205
3206
3207
3208
3209
3210
3211
3212
3213
3214
3215
3216
3217
3218
3219
3220
3221
3222
3223
3224
3225
3226
3227
3228
3229
3230
3231
3232
3233
3234
3235
3236
3237
3238
3239
3240
3241
3242
3243
3244
3245
3246
3247
3248
3249
3250
3251
3252
3253
3254
3255
3256
3257
3258
3259
3260
3261
3262
3263
3264
3265
3266
3267
3268
3269
3270
3271
3272
3273
3274
3275
3276
3277
3278
3279
3280
3281
3282
3283
3284
3285
3286
3287
3288
3289
3290
3291
3292
3293
3294
3295
3296
3297
3298
3299
3300
3301
3302
3303
3304
3305
3306
3307
3308
3309
3310
3311
3312
3313
3314
3315
3316
3317
3318
3319
3320
3321
3322
3323
3324
3325
3326
3327
3328
3329
3330
3331
3332
3333
3334
3335
3336
3337
3338
3339
3340
3341
3342
3343
3344
3345
3346
3347
3348
3349
3350
3351
3352
3353
3354
3355
3356
3357
3358
3359
3360
3361
3362
3363
3364
3365
3366
3367
3368
3369
3370
3371
3372
3373
3374
3375
3376
3377
3378
3379
3380
3381
3382
3383
3384
3385
3386
3387
3388
3389
3390
3391
3392
3393
3394
3395
3396
3397
3398
3399
3400
3401
3402
3403
3404
3405
3406
3407
3408
3409
3410
3411
3412
3413
3414
3415
3416
3417
3418
3419
3420
3421
3422
3423
3424
3425
3426
3427
3428
3429
3430
3431
3432
3433
3434
3435
3436
3437
3438
3439
3440
3441
3442
3443
3444
3445
3446
3447
3448
3449
3450
3451
3452
3453
3454
3455
3456
3457
3458
3459
3460
3461
3462
3463
3464
3465
3466
3467
3468
3469
3470
3471
3472
3473
3474
3475
3476
3477
3478
3479
3480
3481
3482
3483
3484
3485
3486
3487
3488
3489
3490
3491
3492
3493
3494
3495
3496
3497
3498
3499
3500
3501
3502
3503
3504
3505
3506
3507
3508
3509
3510
3511
3512
3513
3514
3515
3516
3517
3518
3519
3520
3521
3522
3523
3524
3525
3526
3527
3528
3529
3530
3531
3532
3533
3534
3535
3536
3537
3538
3539
3540
3541
3542
3543
3544
3545
3546
3547
3548
3549
3550
3551
3552
3553
3554
3555
3556
3557
3558
3559
3560
3561
3562
3563
3564
3565
3566
3567
3568
3569
3570
3571
3572
3573
3574
3575
3576
3577
3578
3579
3580
3581
3582
3583
3584
3585
3586
3587
3588
3589
3590
3591
3592
3593
3594
3595
3596
3597
3598
3599
3600
3601
3602
3603
3604
3605
3606
3607
3608
3609
3610
3611
3612
3613
3614
3615
3616
3617
3618
3619
3620
3621
3622
3623
3624
3625
3626
3627
3628
3629
3630
3631
3632
3633
3634
3635
3636
3637
3638
3639
3640
3641
3642
3643
3644
3645
3646
3647
3648
3649
3650
3651
3652
3653
3654
3655
3656
3657
3658
3659
3660
3661
3662
3663
3664
3665
3666
3667
3668
3669
3670
3671
3672
3673
3674
3675
3676
3677
3678
3679
3680
3681
3682
3683
3684
3685
3686
3687
3688
3689
3690
3691
3692
3693
3694
3695
3696
3697
3698
3699
3700
3701
3702
3703
3704
3705
3706
3707
3708
3709
3710
3711
3712
3713
3714
3715
3716
3717
3718
3719
3720
3721
3722
3723
3724
3725
3726
3727
3728
3729
3730
3731
3732
3733
3734
3735
3736
3737
3738
3739
3740
3741
3742
3743
3744
3745
3746
3747
3748
3749
3750
3751
3752
3753
3754
3755
3756
3757
3758
3759
3760
3761
3762
3763
3764
3765
3766
3767
3768
3769
3770
3771
3772
3773
3774
3775
3776
3777
3778
3779
3780
3781
3782
3783
3784
3785
3786
3787
3788
3789
3790
3791
3792
3793
3794
3795
3796
3797
3798
3799
3800
3801
3802
3803
3804
3805
3806
3807
3808
3809
3810
3811
3812
3813
3814
3815
3816
3817
3818
3819
3820
3821
3822
3823
3824
3825
3826
3827
3828
3829
3830
3831
3832
3833
3834
3835
3836
3837
3838
3839
3840
3841
3842
3843
3844
3845
3846
3847
3848
3849
3850
3851
3852
3853
3854
3855
3856
3857
3858
3859
3860
3861
3862
3863
3864
3865
3866
3867
3868
3869
3870
3871
3872
3873
3874
3875
3876
3877
3878
3879
3880
3881
3882
3883
3884
3885
3886
3887
3888
3889
3890
3891
3892
3893
3894
3895
3896
3897
3898
3899
3900
3901
3902
3903
3904
3905
3906
3907
3908
3909
3910
3911
3912
3913
3914
3915
3916
3917
3918
3919
3920
3921
3922
3923
3924
3925
3926
3927
3928
3929
3930
3931
3932
3933
3934
3935
3936
3937
3938
3939
3940
3941
3942
3943
3944
3945
3946
3947
3948
3949
3950
3951
3952
3953
3954
3955
3956
3957
3958
3959
3960
3961
3962
3963
3964
3965
3966
3967
3968
3969
3970
3971
3972
3973
3974
3975
3976
3977
3978
3979
3980
3981
3982
3983
3984
3985
3986
3987
3988
3989
3990
3991
3992
3993
3994
3995
3996
3997
3998
3999
4000
4001
4002
4003
4004
4005
4006
4007
4008
4009
4010
4011
4012
4013
4014
4015
4016
4017
4018
4019
4020
4021
4022
4023
4024
4025
4026
4027
4028
4029
4030
4031
4032
4033
4034
4035
4036
4037
4038
4039
4040
4041
4042
4043
4044
4045
4046
4047
4048
4049
4050
4051
4052
4053
4054
4055
4056
4057
4058
4059
4060
4061
4062
4063
4064
4065
4066
4067
4068
4069
4070
4071
4072
4073
4074
4075
4076
4077
4078
4079
4080
4081
4082
4083
4084
4085
4086
4087
4088
4089
4090
4091
4092
4093
4094
4095
4096
4097
4098
4099
4100
4101
4102
4103
4104
4105
4106
4107
4108
4109
4110
4111
4112
4113
4114
4115
4116
4117
4118
4119
4120
4121
4122
4123
4124
4125
4126
4127
4128
4129
4130
4131
4132
4133
4134
4135
4136
4137
4138
4139
4140
4141
4142
4143
4144
4145
4146
4147
4148
4149
4150
4151
4152
4153
4154
4155
4156
4157
4158
4159
4160
4161
4162
4163
4164
4165
4166
4167
4168
4169
4170
4171
4172
4173
4174
4175
4176
4177
4178
4179
4180
4181
4182
4183
4184
4185
4186
4187
4188
4189
4190
4191
4192
4193
4194
4195
4196
4197
4198
4199
4200
4201
4202
4203
4204
4205
4206
4207
4208
4209
4210
4211
4212
4213
4214
4215
4216
4217
4218
4219
4220
4221
4222
4223
4224
4225
4226
4227
4228
4229
4230
4231
4232
4233
4234
4235
4236
4237
4238
4239
4240
4241
4242
4243
4244
4245
4246
4247
4248
4249
4250
4251
4252
4253
4254
4255
4256
4257
4258
4259
4260
4261
4262
4263
4264
4265
4266
4267
4268
4269
4270
4271
4272
4273
4274
4275
4276
4277
4278
4279
4280
4281
4282
4283
4284
4285
4286
4287
4288
4289
4290
4291
4292
4293
4294
4295
4296
4297
4298
4299
4300
4301
4302
4303
4304
4305
4306
4307
4308
4309
4310
4311
4312
4313
4314
4315
4316
4317
4318
4319
4320
4321
4322
4323
4324
4325
4326
4327
4328
4329
4330
4331
4332
4333
4334
4335
4336
4337
4338
4339
4340
4341
4342
4343
4344
4345
4346
4347
4348
4349
4350
4351
4352
4353
4354
4355
4356
4357
4358
4359
4360
4361
4362
4363
4364
4365
4366
4367
4368
4369
4370
4371
4372
4373
4374
4375
4376
4377
4378
4379
4380
4381
4382
4383
4384
4385
4386
4387
4388
4389
4390
4391
4392
4393
4394
4395
4396
4397
4398
4399
4400
4401
4402
4403
4404
4405
4406
4407
4408
4409
4410
4411
4412
4413
4414
4415
4416
4417
4418
4419
4420
4421
4422
4423
4424
4425
4426
4427
4428
4429
4430
4431
4432
4433
4434
4435
4436
4437
4438
4439
4440
4441
4442
4443
4444
4445
4446
4447
4448
4449
4450
4451
4452
4453
4454
4455
4456
4457
4458
4459
4460
4461
4462
4463
4464
4465
4466
4467
4468
4469
4470
4471
4472
4473
4474
4475
4476
4477
4478
4479
4480
4481
4482
4483
4484
4485
4486
4487
4488
4489
4490
4491
4492
4493
4494
4495
4496
4497
4498
4499
4500
4501
4502
4503
4504
4505
4506
4507
4508
4509
4510
4511
4512
4513
4514
4515
4516
4517
4518
4519
4520
4521
4522
4523
4524
4525
4526
4527
4528
4529
4530
4531
4532
4533
4534
4535
4536
4537
4538
4539
4540
4541
4542
4543
4544
4545
4546
4547
4548
4549
4550
4551
4552
4553
4554
4555
4556
4557
4558
4559
4560
4561
4562
4563
4564
4565
4566
4567
4568
4569
4570
4571
4572
4573
4574
4575
4576
4577
4578
4579
4580
4581
4582
4583
4584
4585
4586
4587
4588
4589
4590
4591
4592
4593
4594
4595
4596
4597
4598
4599
4600
4601
4602
4603
4604
4605
4606
4607
4608
4609
4610
4611
4612
4613
4614
4615
4616
4617
4618
4619
4620
4621
4622
4623
4624
4625
4626
4627
4628
4629
4630
4631
4632
4633
4634
4635
4636
4637
4638
4639
4640
4641
4642
4643
4644
4645
4646
4647
4648
4649
4650
4651
4652
4653
4654
4655
4656
4657
4658
4659
4660
4661
4662
4663
4664
4665
4666
4667
4668
4669
4670
4671
4672
4673
4674
4675
4676
4677
4678
4679
4680
4681
4682
4683
4684
4685
4686
4687
4688
4689
4690
4691
4692
4693
4694
4695
4696
4697
4698
4699
4700
4701
4702
4703
4704
4705
4706
4707
4708
4709
4710
4711
4712
4713
4714
4715
4716
4717
4718
4719
4720
4721
4722
4723
4724
4725
4726
4727
4728
4729
4730
4731
4732
4733
4734
4735
4736
4737
4738
4739
4740
4741
4742
4743
4744
4745
4746
4747
4748
4749
4750
4751
4752
4753
4754
4755
4756
4757
4758
4759
4760
4761
4762
4763
4764
4765
4766
4767
4768
4769
4770
4771
4772
4773
4774
4775
4776
4777
4778
4779
4780
4781
4782
4783
4784
4785
4786
4787
4788
4789
4790
4791
4792
4793
4794
4795
4796
4797
4798
4799
4800
4801
4802
4803
4804
4805
4806
4807
4808
4809
4810
4811
4812
4813
4814
4815
4816
4817
4818
4819
4820
4821
4822
4823
4824
4825
4826
4827
4828
4829
4830
4831
4832
4833
4834
4835
4836
4837
4838
4839
4840
4841
4842
4843
4844
4845
4846
4847
4848
4849
4850
4851
4852
4853
4854
4855
4856
4857
4858
4859
4860
4861
4862
4863
4864
4865
4866
4867
4868
4869
4870
4871
4872
4873
4874
4875
4876
4877
4878
4879
4880
4881
4882
4883
4884
4885
4886
4887
4888
4889
4890
4891
4892
4893
4894
4895
4896
4897
4898
4899
4900
4901
4902
4903
4904
4905
4906
4907
4908
4909
4910
4911
4912
4913
4914
4915
4916
4917
4918
4919
4920
4921
4922
4923
4924
4925
4926
4927
4928
4929
4930
4931
4932
4933
4934
4935
4936
4937
4938
4939
4940
4941
4942
4943
4944
4945
4946
4947
4948
4949
4950
4951
4952
4953
4954
4955
4956
4957
4958
4959
4960
4961
4962
4963
4964
4965
4966
4967
4968
4969
4970
4971
4972
4973
4974
4975
4976
4977
4978
4979
4980
4981
4982
4983
4984
4985
4986
4987
4988
4989
4990
4991
4992
4993
4994
4995
4996
4997
4998
4999
